,Date,Reserve Money (M0)  (a),Broad Money (M2) (b),Currency held by the Public,Demand Deposits held by the Public,"Narrow Money (M1) 
(c)    
 (1) + (2)",Time and Savings Deposits held by the Public,"Broad Money (M2b) 
(d)            
 (3) + (4)",Net Foreign Assets of Monetary Authorities (e),Net Foreign Assets of Commercial Banks ,"Net Foreign Assets (NFA) 
(5) + (6)",Net Credit granted to the Government by Central Bank,Net Credit granted to the Government by Commercial Banks,"Net Credit granted to the Government (NCG)
(8) + (9)",Credit granted to Public Corporations by Commercial Banks,Credit granted to the Private Sector by Commercial Banks,"Domestic Credit 
(10) + (11) + (12)",Other Items (net) ,"Net Domestic Assets  (NDA)       
 (13) + (14)","Broad Money (M2b)
 (7) + (15)"
0,1995-12-01,78587,228536,42199,33019,75218,184224,259442,73662,-8917,64745,24418,14244,38662,13305,210703,262670,-67974,194696,259441
1,1996-01-01,77071,228090,41074,32709,73783,186698,260481,76259,-9030,67229,20977,19818,40795,12214,214979,267988,-74735,193253,260482
2,1996-02-01,79586,234199,42317,35123,77440,192056,269496,79977,-9413,70564,17116,23122,40238,13277,213145,266660,-67727,198933,269497
3,1996-03-01,82915,239178,45066,36730,81796,190756,272552,80825,-11637,69188,20036,23581,43617,12455,219279,275351,-71988,203363,272551
4,1996-04-01,80873,241893,43480,35998,79478,198947,278425,79963,-8751,71212,18526,24564,43090,13039,220249,276378,-69166,207212,278424
5,1996-05-01,83410,242072,42809,33811,76620,200745,277365,76144,-8947,67197,25607,21473,47080,13843,223651,284574,-74409,210165,277362
6,1996-06-01,79834,240407,42710,33246,75956,196357,272313,72268,-6661,65607,27259,14506,41765,14518,226767,283050,-76344,206706,272313
7,1996-07-01,80732,240083,41999,34201,76200,195715,271915,73000,-6308,66692,27695,12405,40100,15469,230514,286083,-80863,205220,271912
8,1996-08-01,81756,240097,42617,33568,76185,196747,272932,74930,-4428,70502,28558,13485,42043,15689,230727,288459,-86031,202428,272930
9,1996-09-01,81614,241700,42196,34438,76634,198440,275074,73974,-9574,64400,29202,12485,41687,15307,236550,293544,-82870,210674,275074
10,1996-10-01,77209,242845,41394,32610,74004,201747,275751,73142,-9539,63603,26827,15457,42284,14043,228219,284546,-72398,212148,275751
11,1996-11-01,81826,245227,41562,33714,75276,203984,279260,72502,-8089,64413,32601,11135,43736,13821,226894,284451,-69606,214845,279258
12,1996-12-01,85509,253201,42565,35638,78203,210454,288657,73541,-10467,63074,34291,12840,47131,15491,229773,292395,-66813,225581,288655
13,1997-01-01,81076,253157,41706,36183,77889,210751,288640,72074,-10687,61387,30825,16411,47236,13293,231302,291831,-64580,227251,288638
14,1997-02-01,81795,254967,42679,34918,77597,213890,291487,69652,-9151,60501,31589,15468,47057,12463,235647,295167,-64183,230984,291485
15,1997-03-01,71828,260657,44180,36648,80828,216080,296908,70195,-8979,61216,22035,27087,49122,15413,237284,301819,-66127,235692,296908
16,1997-04-01,77056,261357,43381,37201,80582,217390,297972,69987,-7745,62242,28405,23198,51603,14914,239456,305973,-70241,235732,297974
17,1997-05-01,80255,262189,42798,37442,80240,219025,299265,69069,-9346,59723,33302,21400,54702,12965,243779,311446,-71904,239542,299265
18,1997-06-01,78342,265104,42500,37170,79670,222361,302031,69764,-8153,61611,31203,25304,56507,12424,245856,314787,-74367,240420,302031
19,1997-07-01,76110,267601,42510,37025,79535,227551,307086,68602,-7107,61495,28513,25749,54262,12878,248596,315736,-70147,245589,307084
20,1997-08-01,79612,271989,43983,37085,81068,230124,311192,93441,-7387,86054,9363,27865,37228,13541,249496,300265,-75128,225137,311191
21,1997-09-01,80221,276994,43774,38513,82287,235381,317668,93952,-4810,89142,10822,31742,42564,13074,249053,304691,-76169,228522,317664
22,1997-10-01,81932,279577,44394,38905,83300,239105,322404,92550,-2280,90270,14702,31059,45761,13755,251615,311131,-78998,232133,322403
23,1997-11-01,80359,281697,44932,37776,82708,240876,323583,92230,-2853,89377,13530,29703,43233,12754,257783,313770,-79565,234205,323582
24,1997-12-01,83736,288258,45680,40172,85851,247817,333668,89930,565,90495,20300,24950,45250,14598,263198,323046,-79874,243172,333667
25,1998-01-01,82146,289017,46358,39169,85527,250300,335827,85124,2783,87907,23623,24773,48396,15131,265060,328587,-80666,247921,335828
26,1998-02-01,84633,291450,47451,39811,87262,251456,338718,84305,4197,88502,25275,23690,48965,13431,266637,329033,-78819,250214,338716
27,1998-03-01,88608,297205,48881,43314,92195,251414,343609,89465,4777,94242,25160,23385,48545,12839,268366,329750,-80384,249366,343608
28,1998-04-01,86493,297152,48237,42199,90436,256240,346676,91168,-348,90820,22827,27620,50447,13129,270743,334319,-78463,255856,346676
29,1998-05-01,88794,298472,48662,42514,91176,258762,349938,90552,975,91527,25791,25727,51518,13100,274890,339508,-81096,258412,349939
30,1998-06-01,85297,296943,47652,42474,90126,258440,348566,89687,-2189,87498,23707,27847,51554,12837,277611,342002,-80935,261067,348565
31,1998-07-01,88266,298677,48688,43576,92264,257152,349416,89771,3250,93021,28541,27485,56026,10361,277304,343691,-87296,256395,349416
32,1998-08-01,88242,296505,48682,42707,91389,258110,349499,91014,8687,99701,28325,24723,53048,11666,279967,344681,-94884,249797,349498
33,1998-09-01,89761,301678,49008,44455,93463,262244,355707,92888,11629,104517,30261,24859,55120,9754,281469,346343,-95155,251188,355705
34,1998-10-01,88164,303514,49275,42965,92240,270393,362633,91089,12740,103829,30487,28757,59244,9226,286670,355140,-96335,258805,362634
35,1998-11-01,89287,306637,49137,43838,92975,273139,366114,97161,3876,101037,27170,32328,59498,9451,290434,359383,-94305,265078,366115
36,1998-12-01,92866,316174,51767,44501,96268,281472,377740,101744,3904,105648,25909,38709,64618,10031,294868,369517,-97426,272091,377739
37,1999-01-01,91959,317257,51396,45129,96525,283775,380300,101247,3566,104813,26012,39458,65470,8992,295524,369986,-94498,275488,380301
38,1999-02-01,94074,319410,53017,44674,97691,285787,383478,99221,5343,104564,27275,38814,66089,7902,296873,370864,-91949,278915,383479
39,1999-03-01,98074,324606,55514,47102,102616,288375,390991,98779,10111,108890,32036,36194,68230,7170,302788,378188,-96087,282101,390991
40,1999-04-01,96837,326329,53792,49209,103001,289014,392015,96047,9340,105387,34506,43300,77806,8548,308152,394506,-107879,286627,392014
41,1999-05-01,96809,327371,54025,48286,102311,294880,397191,96066,8306,104372,35373,42511,77884,7671,311391,396946,-104127,292819,397191
42,1999-06-01,93446,327709,52086,47805,99891,297675,397566,95392,5514,100906,33240,43734,76974,7995,308595,393564,-96905,296659,397565
43,1999-07-01,93498,330177,52669,47272,99941,302375,402316,95141,5271,100412,33795,45345,79140,7144,312925,399209,-97305,301904,402316
44,1999-08-01,94756,331125,52405,47185,99590,301825,401415,93081,6514,99595,35770,41397,77167,6647,316063,399877,-98057,301820,401415
45,1999-09-01,93053,337568,52923,49147,102070,306270,408340,93055,8068,101123,35616,43562,79178,7438,318547,405163,-97946,307217,408340
46,1999-10-01,94775,341900,53753,47078,100831,311297,412128,91230,13780,105010,39332,39131,78463,7519,320660,406642,-99524,307118,412128
47,1999-11-01,94799,350033,53541,50208,103749,315531,419280,89580,12310,101890,41316,45297,86613,9199,326212,422024,-104636,317388,419278
48,1999-12-01,100444,358076,58481,50073,108554,319765,428319,89287,12805,102092,46716,47199,93915,13046,325927,432888,-106660,326228,428320
49,2000-01-01,100639,359623,55580,52050,107630,324551,432181,90424,11612,102036,43534,50199,93733,14744,324073,432550,-102407,330143,432179
50,2000-02-01,98687,361256,55993,50730,106723,326833,433556,91536,9973,101509,41395,53305,94700,14779,328359,437838,-105790,332048,433557
51,2000-03-01,102943,366263,58641,51139,109780,332061,441841,90350,8724,99074,47110,48206,95316,18591,330568,444475,-101709,342766,441840
52,2000-04-01,102623,369479,58186,51685,109871,330099,439970,87057,11310,98367,49644,51747,101391,18178,334389,453958,-112357,341601,439968
53,2000-05-01,101353,365197,56231,50186,106417,329277,435694,80141,8817,88958,56672,43981,100653,19761,337166,457580,-110843,346737,435695
54,2000-06-01,101524,370625,56792,51968,108760,334067,442827,80530,6484,87014,61094,45791,106885,22592,346030,475507,-119694,355813,442827
55,2000-07-01,100403,373504,56401,51509,107910,338079,445989,80177,5383,85560,60488,48833,109321,24414,344628,478363,-117937,360426,445986
56,2000-08-01,94487,376499,57369,51599,108968,342251,451219,74420,14396,88816,59822,49778,109600,27181,345662,482443,-120064,362379,451195
57,2000-09-01,100936,383562,59524,52165,111689,345906,457595,71391,16273,87664,69339,46715,116054,28635,349620,494309,-124376,369933,457597
58,2000-10-01,101089,388701,58669,53970,112639,350617,463256,66336,13734,80070,74875,51988,126863,33652,353628,514143,-130951,383192,463262
59,2000-11-01,98875,387452,58271,50690,108961,356776,465737,58287,11646,69933,82622,49565,132187,36745,358280,527212,-131406,395806,465739
60,2000-12-01,105163,404669,62647,55830,118477,364944,483421,57947,11582,69529,91556,55748,147304,38254,364369,549927,-136035,413892,483421
61,2001-01-01,103452,398998,59264,52448,111712,374858,486570,65154,11499,76653,87853,60731,148584,38838,372684,560106,-150190,409916,486569
62,2001-02-01,101573,400994,59727,51951,111678,377246,488924,62765,16510,79275,83968,63663,147631,36392,374042,558065,-148418,409647,488922
63,2001-03-01,106331,403946,62437,51494,113931,379737,493668,62475,15652,78127,88995,65629,154624,37801,377379,569803,-154262,415541,493668
64,2001-04-01,104586,407081,60237,53970,114207,384777,498984,64917,12896,77813,89292,67122,156414,41905,383070,581388,-160217,421171,498983
65,2001-05-01,103145,406112,59118,51045,110163,388128,498291,61343,9081,70424,92355,68095,160450,44810,385061,590321,-162454,427867,498291
66,2001-06-01,103444,405506,59578,48951,108528,387203,495731,65129,7000,72129,89407,65257,154664,46607,386124,587395,-163792,423602,495731
67,2001-07-01,104408,410081,59344,49753,109097,393320,502417,65335,6482,71817,91423,65668,157091,47972,386382,591445,-160845,430600,502417
68,2001-08-01,104643,413279,59981,49722,109703,400117,509820,73863,4678,78541,85436,79005,164441,43628,384100,592169,-160890,431279,509820
69,2001-09-01,106927,421417,61067,51028,112095,403850,515945,74712,812,75524,87963,83913,171876,43151,384592,599620,-159197,440422,515946
70,2001-10-01,105047,426318,60519,50925,111444,408888,520332,74403,3073,77477,87837,88759,176596,42645,386891,606132,-163277,442856,520332
71,2001-11-01,106713,435733,63720,53382,117102,415755,532857,81145,-7517,73628,83732,103751,187483,42178,394150,623811,-164582,459229,532857
72,2001-12-01,112522,450726,65536,56674,122210,426928,549138,84346,-10216,74130,84535,116776,201311,40811,396754,638876,-163867,475009,549139
73,2002-01-01,111022,451700,63682,56422,120103,430094,550197,84824,-10487,74338,79619,121990,201609,40473,393679,635762,-159901,475861,550199
74,2002-02-01,108538,457016,65642,55618,121260,437303,558563,87851,-10664,77187,64931,132774,197705,38622,397031,633358,-151983,481375,558562
75,2002-03-01,116958,466120,70567,55128,125695,444549,570245,85977,-6293,79684,75418,120593,196011,38768,405260,640039,-149479,490560,570245
76,2002-04-01,118017,468666,68386,55808,124194,450847,575041,94552,-6866,87687,71832,127765,199597,40678,403205,643481,-156127,487354,575041
77,2002-05-01,116343,470681,68242,57745,125987,451070,577057,95347,-6081,89266,74566,128552,203118,43346,405421,651886,-164095,487791,577057
78,2002-06-01,118700,476295,69000,56509,125509,458827,584335,103747,-9703,94044,68874,134614,203488,39305,412594,655387,-165096,490291,584335
79,2002-07-01,119940,481908,68653,59293,127946,461980,589926,102690,-8272,94418,69355,132564,201919,42858,415684,660461,-164953,495508,589926
80,2002-08-01,120214,485384,70309,58743,129052,467272,596324,104595,-3617,100978,68905,130685,199591,41517,417118,658226,-162879,495347,596325
81,2002-09-01,121716,488941,70629,58802,129430,472041,601471,107064,-6495,100569,71673,128689,200362,42867,424426,667654,-166753,500902,601470
82,2002-10-01,120236,493671,69930,59301,129230,476154,605384,107233,-5289,101944,70915,129392,200307,42897,428405,671609,-168169,503440,605384
83,2002-11-01,123286,499616,71765,60020,131785,482356,614141,109305,-5100,104205,72084,127204,199288,44475,431224,674987,-165051,509936,614141
84,2002-12-01,126411,510395,75292,64069,139361,483134,622495,117376,-6733,110643,70934,122060,192994,43031,444371,680396,-168544,511852,622495
85,2003-01-01,123527,512993,73808,62225,136034,493459,629493,124129,-3711,120419,62978,131214,194192,41464,441505,677161,-168087,509074,629493
86,2003-02-01,127140,518190,75534,62304,137838,497899,635737,124577,-1730,122847,58312,127709,186021,41104,444008,671133,-158243,512890,635737
87,2003-03-01,131778,524675,76880,64324,141204,501860,643063,124176,-8646,115530,62950,128219,191168,42971,450944,685083,-157549,527534,643064
88,2003-04-01,128642,530354,77281,65884,143165,505426,648591,130829,-10455,120374,54576,126645,181221,41187,456857,679265,-151048,528217,648591
89,2003-05-01,132421,532806,76883,67121,144004,507246,651250,134823,-9184,125639,58146,130839,188985,42783,461715,693484,-167873,525611,651250
90,2003-06-01,130725,532767,75305,66905,142210,512794,655004,137851,-4886,132965,52651,127130,179781,39067,467799,686647,-164608,522038,655003
91,2003-07-01,131026,539612,76468,67873,144341,516115,660456,142445,-3698,138747,42931,131556,174487,36441,473679,684607,-162898,521709,660456
92,2003-08-01,135246,545485,79012,70442,149454,519289,668743,146263,-2390,143873,42442,133275,175717,35831,476797,688345,-163475,524870,668742
93,2003-09-01,134600,555818,78327,77360,155687,523206,678893,161690,-13607,148083,34611,131893,166504,39845,487885,694234,-163424,530810,678893
94,2003-10-01,137727,557139,79562,72155,151717,535142,686860,162534,-8102,154432,35471,130129,165600,38236,494328,698164,-165736,532428,686860
95,2003-11-01,140990,568711,82326,75093,157420,542814,700234,160388,-1490,158898,42786,125477,168263,40119,506759,715141,-173803,541337,700235
96,2003-12-01,141447,580747,85601,76034,161635,556219,717855,164596,2497,167093,42149,134087,176236,36192,519444,731872,-181112,550760,717854
97,2004-01-01,145881,588054,85919,77209,163127,561173,724300,164773,8650,173423,48862,137577,186439,30333,518790,735562,-184685,550877,724300
98,2004-02-01,146768,594925,89529,77047,166576,568527,735103,167214,18489,185703,51910,121335,173245,33446,529600,736291,-186891,549400,735102
99,2004-03-01,158659,606390,94957,76933,171889,574195,746085,160956,19326,180282,67425,121249,188674,34194,534139,757007,-191203,565804,746086
100,2004-04-01,153084,608238,91177,78317,169494,579817,749310,152275,20818,173093,66867,120933,187800,38255,541587,767643,-191425,576218,749310
101,2004-05-01,152185,613308,90098,81748,171846,583149,754995,151131,20183,171314,69447,125495,194942,39905,546328,781175,-197494,583681,754995
102,2004-06-01,151130,615485,90670,79100,169771,590024,759795,152011,12247,164258,70726,119056,189782,38490,563116,791388,-195851,595537,759795
103,2004-07-01,156319,624525,92769,79149,171918,604925,776843,150587,18137,168724,80303,120015,200318,40958,569492,810768,-202649,608119,776843
104,2004-08-01,155850,632862,93059,80400,173459,612562,786021,149241,14105,163346,81676,121886,203562,41566,578150,823278,-200603,622675,786021
105,2004-09-01,158241,645181,93626,84432,178058,623530,801588,151413,15467,166880,84402,128885,213287,38999,590171,842458,-207751,634707,801587
106,2004-10-01,161806,656918,95332,80496,175828,637746,813574,145020,10482,155501,98274,117708,215982,39401,602624,858006,-199933,658073,813574
107,2004-11-01,163922,672063,93899,87862,181761,652921,834682,143108,20377,163485,107234,118017,225251,39697,622660,887608,-216410,671198,834682
108,2004-12-01,170967,687964,99669,88784,188453,670191,858644,151694,18523,170218,108144,112318,220462,41171,634310,895942,-207515,688427,858645
109,2005-01-01,174648,701947,100251,98468,198719,668666,867385,143077,26392,169469,104854,102417,207271,34968,634867,877106,-179189,697917,867386
110,2005-02-01,174666,707352,103985,94617,198602,679598,878200,145226,35813,181039,104989,111503,216492,27181,638927,882600,-185440,697160,878199
111,2005-03-01,190755,721095,108272,99823,208095,683567,891661,162059,19213,181272,100889,116760,217649,17813,645269,880730,-170341,710389,891661
112,2005-04-01,181861,728312,107471,99993,207464,697488,904952,164812,21513,186324,92021,132547,224568,20701,654444,899713,-181085,718628,904952
113,2005-05-01,179195,729253,104507,100511,205017,696650,901667,158906,16818,175724,91071,140002,231074,20691,670004,921769,-195826,725943,901667
114,2005-06-01,179817,738411,104918,103425,208344,704815,913159,160767,22530,183297,88718,143713,232431,21498,679519,933447,-203585,729862,913159
115,2005-07-01,184647,749606,107618,107460,215078,713226,928304,159186,20457,179643,94656,135843,230499,17901,701194,949595,-200935,748660,928304
116,2005-08-01,184289,757307,107977,104103,212080,733458,945538,162945,22128,185072,93027,146682,239709,17953,741875,999537,-239071,760466,945538
117,2005-09-01,187894,775449,109098,106155,215253,743859,959112,174115,4238,178353,85734,153451,239185,19088,757843,1016116,-235356,780759,959112
118,2005-10-01,191179,799305,110003,114451,224454,764319,988773,181619,8160,189779,82198,167120,249318,17778,775572,1042667,-243673,798994,988773
119,2005-11-01,190969,812386,109182,116388,225571,780785,1006356,186445,1987,188432,76572,175628,252200,16725,786900,1055825,-237901,817924,1006356
120,2005-12-01,197932,822932,114070,116632,230701,791576,1022277,196925,4405,201330,74423,175141,249565,16672,801149,1067385,-246438,820948,1022277
121,2006-01-01,196864,834273,111724,118319,230043,810502,1040545,207405,5074,212479,66254,190645,256899,14948,808689,1080536,-252472,828064,1040543
122,2006-02-01,203030,849000,115640,115668,231308,827626,1058934,217098,2349,219446,61871,200404,262275,15049,820042,1097365,-257877,839487,1058934
123,2006-03-01,217168,862733,121042,113133,234175,835206,1069380,215040,15720,230760,79019,185258,264278,15743,833391,1113411,-274791,838620,1069380
124,2006-04-01,216094,878328,118780,119192,237973,846684,1084657,219681,6887,226568,77601,190878,268479,18634,841297,1128410,-270321,858089,1084657
125,2006-05-01,212027,876163,117357,116663,234021,846157,1080177,214979,-3656,211324,83209,186980,270189,17875,861262,1149325,-280471,868854,1080177
126,2006-06-01,212419,887779,118104,120039,238143,846690,1084834,218533,-25210,193323,78330,191872,270202,16373,878875,1165449,-273938,891511,1084834
127,2006-07-01,214845,895242,119435,117449,236884,858163,1095047,221124,-36753,184371,82044,189425,271469,18981,895783,1186234,-275558,910676,1095047
128,2006-08-01,213895,906553,121482,117140,238622,858566,1097188,221042,-43599,177442,80416,188127,268543,18722,906556,1193821,-274075,919746,1097188
129,2006-09-01,222140,919004,124811,114712,239524,876705,1116228,208102,-41561,166540,103591,171818,275408,21550,929597,1226555,-276867,949688,1116228
130,2006-10-01,225513,952858,125774,120539,246313,908991,1155303,214913,-48069,166844,108323,209225,317547,23423,954847,1295817,-307358,988459,1155303
131,2006-11-01,226627,968096,125815,117201,243016,933354,1176370,228609,-67372,161238,102096,231078,333174,33601,974542,1341317,-326185,1015132,1176370
132,2006-12-01,239863,993265,135020,124665,259685,944866,1204550,229860,-58669,171191,112942,244347,357289,31555,993159,1382003,-348644,1033360,1204550
133,2007-01-01,236782,996575,131568,123779,255347,952756,1208103,233047,-67175,165872,108030,242328,350358,31082,1008960,1390399,-348168,1042231,1208103
134,2007-02-01,237920,1013891,133943,125973,259916,974875,1234791,238759,-55350,183409,104261,255578,359839,31728,1029608,1421175,-369793,1051382,1234791
135,2007-03-01,252954,1032542,141926,124843,266769,991773,1258542,260106,-61645,198461,100910,253047,353958,31176,1045908,1431041,-370961,1060081,1258542
136,2007-04-01,249337,1046388,137053,127469,264522,1001882,1266404,269860,-79367,190492,90481,239650,330131,35678,1064348,1430157,-354245,1075912,1266404
137,2007-05-01,246220,1050538,136024,130920,266944,1015325,1282269,268275,-88798,179477,89122,262987,352109,32906,1086374,1471388,-368596,1102792,1282269
138,2007-06-01,247846,1063012,136384,123017,259401,1034623,1294024,261397,-89552,171845,100137,271310,371448,40940,1093809,1506196,-384016,1122179,1294024
139,2007-07-01,247209,1068052,136219,119021,255239,1057762,1313001,258031,-59450,198581,108320,269067,377387,39119,1110690,1527196,-412776,1114421,1313001
140,2007-08-01,257064,1085288,139072,122107,261179,1079568,1340747,252477,-69127,183350,127400,257158,384558,44813,1132281,1561652,-404254,1157397,1340747
141,2007-09-01,256715,1097655,143447,116524,259971,1097429,1357400,251052,-68135,182917,135703,267450,403153,46077,1145910,1595141,-420658,1174483,1357400
142,2007-10-01,256519,1106357,138571,115430,254001,1103387,1357388,315731,-81100,234631,73011,271739,344750,41370,1155595,1541715,-418958,1122756,1357388
143,2007-11-01,264080,1132313,139536,117624,257159,1132696,1389855,305213,-74473,230740,93166,267124,360291,51812,1167020,1579122,-420007,1159115,1389855
144,2007-12-01,264419,1147742,147183,119409,266592,1137426,1404019,292927,-64935,227992,101079,273022,374101,49167,1184519,1607786,-431759,1176027,1404019
145,2008-01-01,260424,1144361,141634,116636,258270,1140355,1398625,304437,-90868,213568,88386,275248,363634,55616,1187943,1607193,-422136,1185057,1398625
146,2008-02-01,273009,1155185,145952,120070,266022,1140942,1406964,325915,-85227,240688,85136,268802,353938,47466,1192680,1594084,-427808,1166276,1406964
147,2008-03-01,276346,1188569,151707,134098,285805,1144662,1430467,336047,-90922,245125,80848,288012,368860,34186,1209729,1612775,-427433,1185342,1430467
148,2008-04-01,280201,1192361,148004,124939,272943,1182929,1455872,323076,-84725,238351,85678,306315,391993,33089,1224732,1649815,-432295,1217520,1455871
149,2008-05-01,277576,1187327,146634,121532,268166,1182526,1450693,320646,-84680,235966,85066,309185,394251,29071,1225544,1648866,-434139,1214727,1450693
150,2008-06-01,271212,1201992,143601,130082,273683,1196783,1470466,331048,-77876,253172,74856,316450,391305,31032,1224135,1646472,-429178,1217294,1470466
151,2008-07-01,281292,1220612,145180,124098,269278,1216421,1485699,344166,-91098,253068,76926,327710,404636,43119,1224871,1672626,-439995,1232632,1485699
152,2008-08-01,282576,1229068,150218,120729,270947,1207865,1478812,331509,-100356,231153,76009,334695,410704,40528,1235223,1686455,-438796,1247659,1478812
153,2008-09-01,280215,1248642,151014,124178,275192,1226326,1501518,309720,-95635,214084,91280,340693,431973,42832,1245079,1719883,-432450,1287434,1501518
154,2008-10-01,276103,1249205,147319,119298,266617,1223193,1489810,227290,-85826,141464,152063,334452,486515,41174,1257819,1785508,-437163,1348345,1489810
155,2008-11-01,253569,1253312,146070,116169,262239,1228891,1491131,191723,-71039,120684,167515,352407,519922,42084,1265840,1827846,-457399,1370447,1491131
156,2008-12-01,268425,1282194,155023,122300,277323,1245453,1522776,148157,-70457,77700,217352,365556,582907,46991,1267601,1897499,-452423,1445076,1522776
157,2009-01-01,263770,1288163,147681,117934,265615,1262639,1528254,113502,-66139,47362,244473,392480,636954,53745,1252952,1943650,-462758,1480892,1528254
158,2009-02-01,258097,1304602,151140,114495,265636,1280877,1546513,108240,-55549,52691,264901,407745,672646,53993,1246045,1972684,-478862,1493822,1546513
159,2009-03-01,266351,1324704,155306,117575,272881,1308700,1581580,95555,-33186,62369,284359,420649,705008,52638,1233029,1990675,-471464,1519211,1581580
160,2009-04-01,261177,1343535,152502,118122,270623,1334512,1605135,107750,-35521,72228,279348,466660,746008,55207,1221334,2022549,-489643,1532907,1605135
161,2009-05-01,268603,1360260,155458,116272,271730,1352527,1624257,121145,-13395,107750,278485,464386,742871,53301,1206159,2002331,-485824,1516507,1624257
162,2009-06-01,262561,1380978,151800,117142,268943,1376834,1645776,153482,-29562,123919,254690,518053,772743,46163,1194027,2012932,-491075,1521857,1645776
163,2009-07-01,275591,1411698,155280,121810,277090,1405976,1683066,188297,-21516,166780,242015,538669,780684,44032,1185546,2010263,-493977,1516286,1683066
164,2009-08-01,276597,1435550,158201,127304,285505,1417443,1702948,310768,-36582,274186,121638,590700,712338,36132,1175515,1923985,-495223,1428762,1702948
165,2009-09-01,274521,1461339,160238,133037,293275,1442745,1736020,347081,-23218,323863,69906,579013,648919,70390,1179152,1898461,-486304,1412157,1736020
166,2009-10-01,288830,1461345,164806,129735,294542,1460858,1755399,417363,10395,427759,81011,525646,606657,70649,1174669,1851975,-524334,1327641,1755399
167,2009-11-01,288164,1497004,169106,144426,313531,1456929,1770460,421674,-7849,413825,89330,515997,605327,73447,1185650,1864424,-507788,1356636,1770460
168,2009-12-01,303537,1536755,181840,154870,336710,1469459,1806169,412202,-10323,401880,109005,531321,640326,73233,1194189,1907748,-503460,1404288,1806168
169,2010-01-01,309190,1551744,184666,155089,339755,1460851,1800606,420163,-42870,377294,102799,555024,657824,76319,1194806,1928949,-505636,1423312,1800606
170,2010-02-01,310809,1565387,191554,149342,340896,1473880,1814776,408847,-53150,355697,132105,537850,669956,90092,1211159,1971207,-512128,1459079,1814776
171,2010-03-01,328853,1600964,201208,161543,362752,1488920,1851671,430553,-68206,362346,100666,556060,656726,96932,1233555,1987213,-497888,1489325,1851671
172,2010-04-01,325005,1603310,195825,156095,351920,1516942,1868862,434852,-70661,364191,106351,549215,655566,106056,1240614,2002236,-497565,1504671,1868862
173,2010-05-01,330608,1622304,195132,159460,354591,1520677,1875268,417268,-71714,345554,106933,568116,675049,102809,1248411,2026269,-496554,1529714,1875268
174,2010-06-01,322907,1637897,191207,157197,348404,1533026,1881430,414240,-72208,342032,108552,575360,683912,111617,1264143,2059673,-520276,1539397,1881430
175,2010-07-01,331813,1650967,196197,154979,351176,1565205,1916382,411554,-76602,334952,118943,570814,689758,108109,1288250,2086116,-504687,1581430,1916382
176,2010-08-01,336798,1679210,200018,161251,361269,1578442,1939710,443327,-112928,330398,113727,583659,697386,108114,1324469,2129969,-520657,1609312,1939710
177,2010-09-01,338471,1718989,201785,172049,373834,1598088,1971923,457405,-110213,347192,100008,593073,693081,106103,1359926,2159110,-534380,1624731,1971923
178,2010-10-01,348435,1742357,206746,173413,380159,1627668,2007827,517197,-98130,419066,82487,511975,594462,122806,1411260,2128528,-539767,1588760,2007827
179,2010-11-01,344091,1763574,203407,177253,380660,1641647,2022307,504891,-130591,374300,82149,482299,564448,138182,1457381,2160012,-512004,1648007,2022307
180,2010-12-01,360511,1813000,216549,190643,407192,1684216,2091408,505463,-128021,377442,76894,550291,627185,144578,1491099,2262861,-548895,1713966,2091408
181,2011-01-01,362886,1832034,212006,195792,407798,1693257,2101055,503820,-159425,344395,91471,513080,604551,137244,1526845,2268640,-511980,1756660,2101055
182,2011-02-01,366084,1863092,219312,195799,415112,1720985,2136097,486872,-151822,335050,96796,548848,645644,134589,1566643,2346875,-545829,1801047,2136097
183,2011-03-01,382140,1899804,228169,190974,419143,1757056,2176199,510875,-176682,334193,96781,562443,659223,127217,1598867,2385307,-543301,1842006,2176199
184,2011-04-01,405455,1935747,225662,197861,423523,1788548,2212071,498501,-164650,333851,98418,599275,697693,124980,1626226,2448899,-570679,1878220,2212071
185,2011-05-01,400029,1957064,220102,203124,423226,1815810,2239036,488367,-179499,308868,95868,612370,708238,128467,1659701,2496406,-566238,1930168,2239036
186,2011-06-01,397194,1992455,221151,199802,420954,1849960,2270914,494563,-223225,271338,90445,644337,734783,154973,1697897,2587652,-588076,1999577,2270914
187,2011-07-01,413172,2025945,228962,204003,432965,1879320,2312285,510056,-185651,324405,96637,634579,731216,143366,1724773,2599355,-611475,1987880,2312285
188,2011-08-01,419937,2059413,234042,202429,436471,1903200,2339670,505963,-205802,300161,95509,677500,773009,141465,1775651,2690125,-650616,2039509,2339670
189,2011-09-01,422278,2091127,232944,202421,435365,1944500,2379865,410654,-178947,231707,162399,634012,796411,140984,1827972,2765366,-617209,2148158,2379865
190,2011-10-01,425459,2116658,231319,202793,434111,1970840,2404952,407647,-194410,213237,176792,610694,787486,161179,1882518,2831183,-639469,2191714,2404952
191,2011-11-01,420345,2139728,229816,194872,424687,2013980,2438668,365735,-197652,168084,216423,585110,801533,179302,1945693,2926529,-655945,2270584,2438668
192,2011-12-01,439504,2192603,242871,195836,438707,2053032,2491740,340090,-242033,98057,262742,570868,833610,198500,2005860,3037970,-644287,2393683,2491740
193,2012-01-01,434899,2216986,233424,198256,431680,2091404,2523084,316173,-262903,53270,288464,638311,926775,201728,2050441,3178944,-709130,2469814,2523084
194,2012-02-01,439407,2270720,237727,199111,436838,2167818,2604656,304909,-261811,43098,320162,649796,969958,218299,2105740,3293997,-732438,2561559,2604656
195,2012-03-01,471146,2321171,252949,195672,448621,2224205,2672827,351149,-331608,19540,327007,669475,996482,247063,2161088,3404632,-751346,2653286,2672827
196,2012-04-01,449307,2353485,244489,199709,444198,2274969,2719167,318031,-297540,20491,351658,676871,1028529,257210,2179776,3465515,-766839,2698676,2719167
197,2012-05-01,449479,2351370,239232,195641,434873,2272286,2707159,327065,-354826,-27761,329465,695360,1024825,266873,2215883,3507581,-772662,2734919,2707159
198,2012-06-01,457526,2381343,242317,190463,432780,2304290,2737070,331354,-401184,-69830,324186,686093,1010279,275597,2234919,3520795,-713895,2806900,2737070
199,2012-07-01,463413,2410233,243131,194732,437864,2333033,2770897,345269,-359193,-13924,295451,703368,998819,261501,2270624,3530944,-746124,2784820,2770897
200,2012-08-01,472950,2439377,247836,191129,438965,2374444,2813409,355317,-370218,-14901,316520,714945,1031464,263847,2285096,3580408,-752098,2828309,2813409
201,2012-09-01,473142,2455010,246687,193066,439753,2388898,2828651,345367,-375578,-30211,332041,703085,1035127,271890,2294904,3601920,-743058,2858862,2828651
202,2012-10-01,471116,2463316,238980,186458,425438,2417124,2842562,356136,-380255,-24119,320004,722720,1042725,254600,2324438,3621762,-755081,2866681,2842562
203,2012-11-01,476891,2529842,241386,188631,430017,2450640,2880657,355905,-380926,-25021,330014,724942,1054956,261105,2348498,3664560,-758882,2905678,2880657
204,2012-12-01,484362,2593185,251539,198510,450049,2479021,2929070,396468,-422299,-25831,278843,766389,1045232,292477,2358421,3696131,-741230,2954901,2929070
205,2013-01-01,484096,2627394,241824,198776,440600,2544032,2984632,394087,-416251,-22163,266349,820968,1087317,291441,2368108,3746867,-740072,3006795,2984632
206,2013-02-01,486728,2688229,245280,202121,447402,2600672,3048074,385305,-429206,-43901,245135,870291,1115426,300005,2386082,3801513,-709538,3091975,3048074
207,2013-03-01,512396,2749442,262556,202856,465413,2624333,3089746,393914,-499491,-105577,265095,915370,1180465,335510,2395580,3911555,-716232,3195323,3089746
208,2013-04-01,500288,2788337,247811,205274,453085,2679576,3132660,419723,-514897,-95174,224361,992848,1217208,344558,2403200,3964967,-737133,3227835,3132660
209,2013-05-01,507211,2799417,244583,198025,442608,2704861,3147469,392460,-504583,-112124,238553,988284,1226838,328729,2421509,3977076,-717484,3259592,3147469
210,2013-06-01,500301,2843835,246087,197956,444043,2725767,3169810,365979,-535012,-169034,233175,1030465,1263640,334296,2432953,4030889,-692045,3338843,3169810
211,2013-07-01,456106,2875610,245094,199659,444753,2780768,3225521,372674,-570534,-197859,196501,1107883,1304384,363567,2461406,4129357,-705977,3423381,3225521
212,2013-08-01,466584,2883490,253082,200011,453092,2791479,3244571,396765,-613357,-216591,186926,1155674,1342599,364275,2464618,4171492,-710330,3461162,3244571
213,2013-09-01,465743,2937208,249310,210528,459839,2829293,3289132,479473,-567372,-87899,134274,1158064,1292338,339341,2469515,4101194,-724163,3377031,3289132
214,2013-10-01,466852,3002427,250503,230811,481314,2881187,3362501,498409,-549586,-51177,128051,1200974,1329024,326799,2496746,4152570,-738892,3413678,3362501
215,2013-11-01,471997,2997741,252329,202042,454372,2908765,3363136,479917,-543471,-63554,127782,1197710,1325493,308007,2518975,4152474,-725783,3426691,3363136
216,2013-12-01,488586,3058793,264607,219971,484578,2933275,3417853,529128,-605453,-76325,114007,1187335,1301342,365098,2534343,4200783,-706605,3494178,3417853
217,2014-01-01,485180,3094570,259350,221533,480883,2979928,3460812,527083,-550049,-22966,156229,1213434,1369662,358502,2491575,4219739,-735961,3483778,3460812
218,2014-02-01,494615,3120241,269354,222285,491639,3003767,3495406,618743,-549958,68785,162051,1182523,1344575,339819,2490657,4175051,-748430,3426621,3495406
219,2014-03-01,521552,3165810,281674,229736,511410,3026655,3538065,600382,-504206,96176,145258,1247928,1393185,329963,2498271,4221419,-779531,3441889,3538065
220,2014-04-01,515339,3175119,273879,233517,507396,3039085,3546481,641530,-517364,124166,145517,1240842,1386359,333099,2479589,4199047,-776733,3422314,3546481
221,2014-05-01,499499,3178773,276417,227514,503931,3051594,3555525,667734,-508660,159075,146269,1228638,1374907,332650,2471354,4178912,-782461,3396450,3555525
222,2014-06-01,507667,3214316,275094,244128,519222,3073608,3592830,706917,-543356,163561,142808,1234594,1377401,351881,2479093,4208375,-779106,3429269,3592830
223,2014-07-01,524506,3230604,286160,236062,522223,3085805,3608028,743363,-541394,201969,141381,1260826,1402208,329750,2479032,4210990,-804931,3406059,3608028
224,2014-08-01,532055,3259844,294394,246282,540676,3101506,3642182,791371,-578684,212687,145683,1216558,1362241,341095,2526417,4229754,-800259,3429495,3642182
225,2014-09-01,536888,3316760,291053,248917,539970,3169670,3709641,768898,-619363,149534,138529,1250133,1388662,367424,2578357,4334443,-774337,3560106,3709641
226,2014-10-01,547674,3351268,297481,249002,546483,3201148,3747631,742071,-648720,93351,147484,1253891,1401375,407949,2620037,4429361,-775082,3654280,3747631
227,2014-11-01,551850,3398549,308729,259534,568263,3226562,3794824,728079,-700857,27222,154554,1270554,1425108,435620,2677571,4538298,-770696,3767602,3794824
228,2014-12-01,577912,3460558,329426,282729,612155,3263698,3875853,688007,-672881,15126,149672,1286228,1435900,450924,2753322,4640146,-779418,3860727,3875853
229,2015-01-01,576105,3467556,326914,270281,597195,3298811,3896007,613409,-731696,-118287,240909,1316593,1557503,473691,2774372,4805566,-791272,4014293,3896007
230,2015-02-01,582954,3492559,335053,261625,596678,3329952,3926630,618760,-740348,-121588,245780,1399011,1644792,486726,2798682,4930200,-881982,4048218,3926630
231,2015-03-01,619561,3553629,347664,285662,633325,3347326,3980651,578139,-740183,-162043,223674,1389473,1613148,490314,2839514,4942975,-800281,4142694,3980651
232,2015-04-01,612655,3593405,347669,282630,630298,3407861,4038160,573417,-744752,-171335,226046,1400704,1626750,503571,2853803,4984124,-774629,4209495,4038160
233,2015-05-01,589812,3641271,346078,284726,630804,3471983,4102788,550503,-727464,-176961,201496,1461215,1662711,502873,2902176,5067759,-788011,4279749,4102788
234,2015-06-01,608045,3677478,343173,286228,629401,3511700,4141101,538583,-744082,-205499,186745,1487026,1673771,488988,2956820,5119579,-772980,4346599,4141101
235,2015-07-01,630332,3732238,359645,282413,642058,3551820,4193878,515293,-756541,-241249,218609,1516964,1735574,482148,2997695,5215417,-780290,4435127,4193878
236,2015-08-01,637227,3783870,361871,288122,649993,3602514,4252507,450889,-729731,-278843,244550,1491081,1735631,489127,3062139,5286896,-755547,4531350,4252507
237,2015-09-01,640491,3821803,360841,299605,660445,3644558,4305003,431124,-793784,-362660,323451,1454990,1778441,531989,3149598,5460028,-792364,4667663,4305003
238,2015-10-01,644414,3877680,364208,300874,665082,3719767,4384849,440807,-839239,-398432,338764,1471454,1810219,537707,3307758,5655684,-872403,4783281,4384849
239,2015-11-01,651125,3945726,363564,305863,669427,3778202,4447629,565818,-879305,-313488,268463,1436320,1704783,531280,3398715,5634777,-873660,4761117,4447629
240,2015-12-01,673432,4057212,388057,326931,714988,3850929,4565917,576187,-874350,-298163,229926,1529566,1759492,530669,3441874,5732034,-867954,4864081,4565917
241,2016-01-01,718561,4102952,382623,309768,692391,3945892,4638282,489468,-849847,-360378,336531,1531500,1868032,535126,3485641,5888799,-890138,4998661,4638282
242,2016-02-01,739336,4158410,382586,317949,700535,4003283,4703819,468587,-870388,-401801,384475,1536361,1920837,534362,3538866,5994064,-888445,5105620,4703819
243,2016-03-01,791618,4206399,405670,323936,729606,4002030,4731636,473939,-913835,-439896,406556,1547510,1954066,522933,3626478,6103477,-931946,5171531,4731636
244,2016-04-01,763102,4242061,398430,317119,715548,4056576,4772124,437597,-901830,-464233,424151,1535339,1959489,519794,3653748,6133032,-896675,5236357,4772124
245,2016-05-01,733268,4241083,390418,311409,701828,4079369,4781197,422585,-890087,-467503,407194,1558406,1965599,498455,3713580,6177635,-928935,5248700,4781197
246,2016-06-01,757159,4310482,392780,312842,705622,4138117,4843739,413540,-905494,-491954,456084,1549345,2005429,494077,3788869,6288375,-952682,5335693,4843739
247,2016-07-01,774496,4394705,406233,310350,716583,4223850,4940432,416833,-854434,-437601,456097,1575945,2032042,481576,3851428,6365046,-987012,5378034,4940432
248,2016-08-01,785691,4434839,402602,311581,714183,4274380,4988563,499014,-780535,-281520,396548,1541374,1937922,451280,3896100,6285302,-1015219,5270083,4988563
249,2016-09-01,793736,4551940,407678,321645,729323,4366915,5096238,498475,-776476,-278001,397436,1551487,1948923,462180,3955432,6366535,-992295,5374239,5096238
250,2016-10-01,792756,4616764,407377,320249,727626,4438107,5165733,483888,-767526,-283637,409640,1548527,1958167,469706,4034589,6462462,-1013092,5449370,5165733
251,2016-11-01,798968,4683235,404947,315257,720203,4526518,5246721,476257,-763188,-286931,417301,1542967,1960268,483428,4111373,6555069,-1021417,5533652,5246721
252,2016-12-01,856147,4823559,429502,347123,776624,4628972,5405596,558589,-789827,-231238,413016,1559116,1972133,513768,4185777,6671677,-1034843,5636834,5405596
253,2017-01-01,828469,4866011,408729,334122,742851,4717576,5460428,502438,-830184,-327746,410724,1702328,2113052,536340,4204061,6853453,-1065279,5788174,5460428
254,2017-02-01,847628,4951313,415210,329386,744595,4807360,5551956,486567,-856449,-369882,455939,1736175,2192114,553213,4274780,7020108,-1098269,5921838,5551956
255,2017-03-01,892164,5096203,443916,338109,782025,4895377,5677402,536729,-908195,-371467,466766,1747780,2214546,572021,4356593,7143161,-1094292,6048868,5677402
256,2017-04-01,885560,5146804,434469,330727,765196,4965579,5730774,511189,-852051,-340862,477107,1729182,2206289,576140,4375339,7157767,-1086131,6071636,5730774
257,2017-05-01,859794,5214381,419537,322244,741781,5061386,5803167,544025,-862549,-318524,414650,1825090,2239740,580692,4406022,7226455,-1104764,6121690,5803167
258,2017-06-01,891639,5281417,426123,327767,753890,5118616,5872507,598060,-844091,-246031,410866,1823756,2234623,570864,4485552,7291038,-1172500,6118538,5872507
259,2017-07-01,894630,5367003,430824,337604,768428,5218191,5986619,674096,-799181,-125084,339545,1914913,2254458,531805,4537427,7323690,-1211987,6111703,5986619
260,2017-08-01,911389,5423037,441553,317584,759137,5291446,6050583,745768,-795865,-50097,293545,1943970,2237515,521489,4590505,7349510,-1248830,6100680,6050583
261,2017-09-01,909006,5503149,434153,320465,754618,5377516,6132134,776194,-765717,10477,252600,1970952,2223552,516190,4640454,7380196,-1258539,6121657,6132134
262,2017-10-01,915381,5532506,423667,319523,743190,5416052,6159242,792196,-754858,37338,246878,1970870,2217747,497476,4678700,7393924,-1272020,6121904,6159242
263,2017-11-01,911617,5549947,430114,321177,751291,5432651,6183942,824660,-757273,67388,210080,1950192,2160271,504776,4740041,7405088,-1288534,6116554,6183942
264,2017-12-01,939793,5665313,439396,353903,793299,5514762,6308062,846139,-724601,121538,225080,1943438,2168517,536982,4799215,7504715,-1318191,6186524,6308062
265,2018-01-01,929983,5739014,430985,342431,773416,5604951,6378367,863682,-736114,127567,232550,1988863,2221413,528120,4842140,7591673,-1340873,6250800,6378367
266,2018-02-01,938134,5826696,439364,331481,770845,5679657,6450503,869190,-753232,115958,225577,2020140,2245717,545516,4900018,7691252,-1356707,6334545,6450503
267,2018-03-01,997245,5995489,463845,377335,841180,5765467,6606647,858701,-752516,106185,261918,2016542,2278461,556896,5022191,7857548,-1357085,6500462,6606647
268,2018-04-01,1000061,6043712,462216,350333,812548,5879181,6691730,835203,-715756,119447,291833,2030655,2322488,581018,5044461,7947967,-1375684,6572283,6691730
269,2018-05-01,973369,6047725,448516,342450,790967,5879982,6670948,810904,-736505,74399,291383,2032842,2324225,608318,5073264,8005808,-1409259,6596549,6670948
270,2018-06-01,998632,6120848,456692,347819,804512,5943137,6747648,821428,-720224,101204,307859,1965842,2273701,619239,5155875,8048816,-1402371,6646444,6747648
271,2018-07-01,1001384,6160766,453084,338687,791771,6003611,6795382,897265,-725751,171514,257135,1969573,2226708,636367,5202395,8065470,-1441601,6623868,6795382
272,2018-08-01,1004713,6243719,461788,329766,791554,6074859,6866413,901491,-734638,166852,246297,2026123,2272420,639497,5248357,8160274,-1460714,6699561,6866413
273,2018-09-01,1010542,6284451,461062,347926,808988,6124409,6933397,811199,-803555,7644,368910,2058644,2427553,655984,5355657,8439194,-1513441,6925753,6933397
274,2018-10-01,998428,6325970,447320,335339,782659,6205713,6988372,784800,-801789,-16989,418006,2004359,2422365,701131,5429724,8553219,-1547858,7005361,6988372
275,2018-11-01,941607,6355317,451373,337447,788820,6253809,7042629,737465,-780496,-43030,438319,2026689,2465008,715325,5509031,8689364,-1603704,7085659,7042629
276,2018-12-01,961096,6427330,473066,357727,830793,6297503,7128297,750541,-817548,-67007,472817,2043894,2516711,755380,5561351,8833442,-1638139,7195304,7128297
277,2019-01-01,949129,6419135,458292,342198,800491,6310436,7110926,676899,-798496,-121598,516469,2110412,2626882,711101,5549386,8887368,-1654844,7232524,7110926
278,2019-02-01,963038,6470529,465891,340224,806115,6382483,7188598,690904,-786619,-95716,511722,2161460,2673182,714746,5556997,8944925,-1660611,7284314,7188598
279,2019-03-01,962938,6550042,496058,357510,853568,6399737,7253305,691891,-661285,30607,504706,2109550,2614256,702573,5580239,8897068,-1674369,7222699,7253305
280,2019-04-01,924229,6585519,463801,364516,828317,6467139,7295456,771272,-653162,118110,436062,2149614,2585676,725711,5536576,8847963,-1670618,7177345,7295456
281,2019-05-01,849420,6621380,452378,349830,802208,6492555,7294763,779273,-670537,108736,317084,2278827,2595911,726355,5535959,8858224,-1672197,7186028,7294763
282,2019-06-01,874533,6661231,454674,348651,803325,6534442,7337767,807937,-699444,108493,342907,2325163,2668070,730214,5595553,8993836,-1764562,7229274,7337767
283,2019-07-01,888419,6697443,454037,344708,798746,6556686,7355431,823765,-709781,113984,345819,2358262,2704081,729319,5594395,9027795,-1786347,7241448,7355431
284,2019-08-01,913418,6733743,470148,347980,818128,6578738,7396866,848435,-737080,111355,350582,2401413,2751994,746866,5616480,9115339,-1829829,7285511,7396866
285,2019-09-01,914667,6761262,466841,376229,843070,6600422,7443491,851699,-724782,126917,383157,2348505,2731661,755331,5665523,9152516,-1835941,7316575,7443491
286,2019-10-01,908358,6743725,466554,344042,810596,6645736,7456332,869287,-753886,115401,349912,2378845,2728757,788831,5692290,9209877,-1868946,7340931,7456332
287,2019-11-01,918913,6790393,475773,341874,817647,6655165,7472812,879234,-782299,96936,332351,2369704,2702054,802836,5739195,9244085,-1868209,7375876,7472812
288,2019-12-01,932604,6912710,494208,371259,865467,6758654,7624121,895997,-795296,100702,363032,2432895,2795927,817953,5796859,9410739,-1887320,7523419,7624121
289,2020-01-01,935558,7001066,491712,367320,859032,6844744,7703776,925923,-836450,89473,335116,2581278,2916395,819983,5796718,9533095,-1918792,7614304,7703776
290,2020-02-01,963283,7081611,504759,361440,866199,6926803,7793001,970984,-873601,97383,308405,2651637,2960042,832603,5821958,9614603,-1918985,7695618,7793001
291,2020-03-01,1013797,7335948,567970,396786,964756,7133493,8098249,943529,-915410,28119,473257,2762217,3235475,868289,5942097,10045861,-1975730,8070130,8098249
292,2020-04-01,1021589,7466098,597968,394534,992502,7266495,8258997,949121,-865628,83493,565842,2735491,3301332,933953,5955513,10190799,-2015295,8175504,8258997
293,2020-05-01,996539,7523814,598359,393419,991778,7301342,8293120,817817,-866658,-48841,605637,2858725,3464361,952594,5885943,10302898,-1960938,8341960,8293120
294,2020-06-01,868953,7604127,579490,422361,1001851,7362898,8364748,824638,-836343,-11705,556676,3042710,3599386,951274,5832090,10382750,-2006297,8376453,8364748
295,2020-07-01,878832,7717772,592385,432204,1024589,7482804,8507393,785202,-834100,-48899,550016,3233557,3783573,982583,5827978,10594134,-2037842,8556292,8507393
296,2020-08-01,879828,7858436,595993,462468,1058461,7633560,8692021,822435,-842007,-19572,534564,3300290,3834854,1022929,5906284,10764066,-2052472,8711593,8692021
297,2020-09-01,891389,8027070,597951,459413,1057364,7813066,8870430,758552,-824438,-65886,577747,3404235,3981981,1018271,5994422,10994674,-2058358,8936316,8870430
298,2020-10-01,928388,8166461,614831,470903,1085734,7931746,9017480,574153,-820731,-246578,735187,3527808,4262995,1002991,6053618,11319604,-2055546,9264058,9017480
299,2020-11-01,936257,8264614,618037,476944,1094981,8040654,9135635,540147,-821350,-281203,799500,3563289,4362789,1010546,6094221,11467555,-2050718,9416838,9135635
300,2020-12-01,964440,8495788,641010,536140,1177150,8228584,9405734,526779,-736247,-209468,868892,3679170,4548061,1002174,6170937,11721173,-2105970,9615202,9405734
301,2021-01-01,975897,8600019,645946,537188,1183134,8349563,9532697,417927,-739010,-321082,924317,3833642,4757960,1058127,6196613,12012700,-2158921,9853779,9532697
302,2021-02-01,978090,8706198,659059,540885,1199944,8450962,9650906,393859,-779556,-385697,996460,3796661,4793121,1080014,6276018,12149152,-2112550,10036602,9650906
303,2021-03-01,1028599,8860584,672841,559973,1232814,8605823,9838637,341034,-770984,-429950,1092195,3849653,4941848,1098446,6388175,12428468,-2159882,10268587,9838637
304,2021-04-01,1031144,8944644,684179,560021,1244200,8703135,9947334,342923,-773612,-430689,1070547,3894508,4965055,1093379,6445915,12504349,-2126326,10378024,9947334
305,2021-05-01,1036010,9016772,692032,554519,1246551,8786422,10032973,349094,-777988,-428894,1054612,3959671,5014283,1112730,6501497,12628509,-2166642,10461867,10032973
306,2021-06-01,1065064,9136220,711870,581460,1293330,8871433,10164763,306556,-787901,-481346,1178858,3945021,5123879,1132102,6584906,12840887,-2194778,10646109,10164763
307,2021-07-01,1063866,9269581,722925,594034,1316960,8986630,10303589,10254,-709628,-699373,1418004,3993217,5411221,1140883,6661462,13213566,-2210603,11002963,10303589
308,2021-08-01,1089266,9412401,750196,605001,1355196,9158448,10513644,-83881,-617074,-700955,1534409,3997025,5531434,1136867,6795527,13463827,-2249228,11214599,10513644
309,2021-09-01,1295956,9448987,762011,556737,1318748,9169352,10488100,-158710,-563425,-722135,1830865,3763735,5594599,1123091,6824586,13542276,-2332040,11210236,10488100
310,2021-10-01,1286441,9535950,754233,618438,1372671,9209058,10581730,-252574,-583988,-836562,1880145,3784886,5665031,1193768,6859643,13718441,-2300149,11418292,10581730
311,2021-11-01,1287803,9510655,735007,620110,1355117,9190668,10545785,-329911,-576436,-906347,1993699,3720093,5713792,1184732,6920130,13818654,-2366522,11452132,10545785
312,2021-12-01,1305809,9638905,784450,675446,1459895,9187413,10647309,-387263,-594713,-981976,2094095,3738325,5832420,1188103,6981428,14001951,-2372666,11629285,10647309
313,2022-01-22,1337489,9650968,770630,729722,1500352,9167373,10667726,-662717,-552870,-1215587,2387377,3666188,6053565,1191553,7017771,14262888,-2379576,11883312,10667726
314,2022-02-22,1324234,9735818,782436,724659,1507095,9248016,10755111,-734241,-540758,-1275000,2442394,3657543,6099937,1237505,7051284,14388725,-2358615,12030111,10755111
315,2022-03-22,1386700,10073392,817533,772081,1589614,9985945,11575559,-1203377,-685337,-1888714,2682533,3873149,6555682,1547834,7533536,15637051,-2172778,13464273,11575559
316,2022-04-22,1481805,10193426,874739,760394,1635133,10305475,11940608,-1462228,-732943,-2195171,2889418,3679997,6569415,1725014,7752831,16047260,-1911481,14135779,11940608
317,2022-05-22,1414850,10117497,818699,785217,1603916,10293053,11896969,-1546520,-536296,-2082816,2904796,3617750,6522545,1750139,7754787,16027472,-2047687,13979785,11896969
318,2022-06-22,1452596,10143626,797471,748004,1545475,10355877,11901351,-1612690,-509235,-2121925,3094136,3602752,6696887,1729109,7714171,16140168,-2116892,14023276,11901351
319,2022-07-22,1436448,10253559,821707,743170,1564877,10390467,11955344,-1686199,-437635,-2123834,3263877,3562519,6826396,1754015,7673136,16253548,-2174369,14079178,11955344
320,2022-08-22,1386248,10285938,760981,773133,1534114,10452797,11986911,-1614857,-420242,-2035099,3311066,3679024,6990090,1699812,7614164,16304066,-2282056,14022010,11986911
321,2022-09-22,1378579,10351444,742124,786471,1528595,10522885,12051480,-1590817,-302022,-1892839,3302445,3740963,7043408,1703004,7576940,16323352,-2379033,13944319,12051480
322,2022-10-22,1341681,10338384,690821,765868,1456688,10589031,12045719,-1635193,-238004,-1873197,3351743,3826680,7178423,1777762,7530110,16486295,-2567379,13918916,12045719
323,2022-11-22,1318493,10416961,713754,744223,1457977,10704957,12162934,-1639535,-230446,-1869982,3369791,3922833,7292623,1760362,7499229,16552214,-2519298,14032916,12162934
324,2022-12-22,1349389,10497052,742042,711555,1453597,10836040,12289637,-1613861,-152952,-1766813,3432493,4038615,7471108,1749708,7411456,16632273,-2575823,14056450,12289637
325,2023-01-22,1589719,10518323,730586,680780,1411366,10911096,12322462,-1539645,-33088,-1572734,3409401,4202233,7611633,1750393,7315435,16677461,-2782266,13895196,12322462
326,2023-02-22,1504685,10549864,779299,660021,1439320,10906483,12345803,-1495995,61536,-1434459,3154994,4315923,7470917,1714398,7257895,16443210,-2662948,13780262,12345803
327,2023-03-23,1424211,10659665,828742,649219,1477961,10815391,12293351,-1254002,80255,-1173747,3209230,4358899,7568130,1607358,7138364,16313851,-2846753,13467098,12293351
328,2023-04-01,1417074,10779420,814875,684565,1499440,10887210,12386650,-1190892,151695,-1039197,3214289,4876853,8091142,1151820,7087708,16330670,-2904823,13425847,12386650
329,2023-05-23,1559124,10837893,796430,700606,1497035,10809514,12306550,-977424,139843,-837581,3123741,4987161,8110902,1088573,6999016,16198490,-3054360,13144131,12306550
330,2023-06-22,1435811,10973953,845055,707320,1552375,10964235,12516610,-962981,155000,-807981,3178562,5082444,8261006,1103002,7072742,16436750,-3112159,13324591,12516610
331,2023-07-22,1373782,11080819,823351,708100,1531451,11194800,12726251,-982422,275398,-707023,3206459,5342951,8549410,1103777,7086219,16739407,-3306133,13433274,12726251
332,2023-08-22,1407319,11041443,829219,687209,1516428,11181470,12697899,-957682,346182,-611500,3054734,5410545,8465279,1097124,7092147,16654550,-3345152,13309399,12697899
333,2023-09-23,1244001,11125180,835486,685641,1521126,11284537,12805663,-986567,426394,-560173,2424857,5362076,7786932,1104582,7162262,16053777,-2687941,13365836,12805663
334,2023-10-22,1396529,11175223,814006,683674,1497680,11361701,12859380,-919070,395966,-523104,2353576,5338823,7692399,1115341,7200520,16008260,-2625775,13382485,12859380
335,2023-11-22,1411227,11243554,831406,675630,1507036,11422501,12929536,-887127,314837,-572291,2317369,5405127,7722496,1125367,7263858,16111722,-2609895,13501827,12929536
336,2023-12-01,1328737,11485069,900136,757906,1658043,11531071,13189113,-837336,381238,-456098,2376234,5908757,8284991,769810,7366418,16421220,-2776008,13645211,13189113
337,2024-01-01,1488614,11449588,888041,718515,1606556,11508387,13114943,-745064,345104,-399960,2284587,6050541,8335128,747019,7314212,16396359,-2881456,13514903,13114943
338,2024-02-01,1413718,11566975,903847,722917,1626764,11574365,13201130,-686116,365883,-320233,2163639,6153359,8316998,733021,7321482,16371502,-2850139,13521362,13201130
339,2024-03-01,1405566,11737488,972329,748149,1720478,11604143,13324620,-499445,327262,-172183,2068312,6188242,8256555,713188,7393383,16363126,-2866323,13496803,13324620
340,2024-04-01,1426526,11870374,947927,788987,1736914,11683066,13419979,-315322,262429,-52893,1953312,6277002,8230313,701395,7377167,16308876,-2836004,13472872,13419979
341,2024-05-01,1396201,12029766,947980,784651,1732631,11883746,13616377,-248034,341978,93944,1864188,6291122,8155310,701217,7437850,16294377,-2771945,13522433,13616377
342,2024-06-01,1417664,12121486,971794,796610,1768404,11979521,13747925,-236932,417165,180233,1825778,6263920,8089698,709421,7512355,16311474,-2743782,13567692,13747925
343,2024-07-01,1455100,12193216,984850,783753,1768604,12055973,13824576,-201236,421461,220224,1806037,6346547,8152584,672057,7572565,16397205,-2792854,13604352,13824576
344,2024-08-01,1485681,12228642,1010931,789647,1800578,12076201,13876778,-100713,394042,293329,1754912,6303930,8058843,651603,7707737,16418183,-2834734,13583449,13876778
345,2024-09-01,1523627,12306348,1011808,797636,1809443,12140467,13949910,-52376,409172,356796,1745739,6270619,8016358,657392,7796595,16470346,-2877231,13593115,13949910
346,2024-10-01,1474594,12364945,1013069,788607,1801677,12206957,14008634,18615,388653,407268,1674209,6279330,7953539,666165,7870936,16490640,-2889274,13601366,14008634
347,2024-11-01,1498004,12436535,1009890,789949,1799840,12287106,14086946,91020,347221,438240,1803088,6307095,8110183,658926,7962823,16731932,-3083226,13648705,14086946
348,2024-12-01,1539338,12660564,1051070,874494,1925563,12396138,14321701,222492,350759,573251,1773558,6496550,8270108,656664,8156045,17082817,-3334368,13748450,14321701
